-1.242810
-0.786771
-0.239455
0.683695
0.273750
1.100194
-0.612472
0.804887
-0.090723
1.229943
-1.145082
-0.466714
0.351525
0.686988
0.444723
0.929206
-0.075377
1.270808
-1.283546
-0.925243
-0.583567
0.245657
0.740444
0.306137
1.090925
-0.574323
0.865492
-0.221004
1.191268
-1.053068
-0.195152
0.630762
0.384450
0.982306
-0.235560
1.217008
-1.144219
-0.467831
0.350322
0.687835
0.442733
0.931933
-0.083079
1.269917
-1.282688
-0.922430
-0.576035
0.258728
0.733473
0.324443
1.072674
-0.513548
0.952578
-0.424432
1.033574
-0.622915
0.766839
-0.010134
1.229908
-1.120783
-0.389645
0.451213
0.598077
0.634590
0.615637
0.659764
0.575287
0.734592
0.417110
0.976805
-0.210673
1.230905
-1.184380
-0.594586
0.149741
0.790233
0.170667
1.196292
-0.952360
0.089102
0.703177
0.334489
1.054317
-0.455871
1.025349
-0.608638
0.788988
-0.054094
1.232600
-1.143251
-0.460052
0.360718
0.679820
0.461197
0.906162
-0.011222
1.271672
-1.267377
-0.867242
-0.433165
0.477143
0.551319
0.717609
0.444449
0.938734
-0.100375
1.267515
-1.279344
-0.911156
-0.546090
0.309154
0.702367
0.402100
0.984352
-0.235898
1.217399
-1.145652
-0.472307
0.344001
0.692637
0.431556
0.947054
-0.126208
1.261816
-1.266915
-0.868557
-0.436223
0.473026
0.555878
0.709307
0.462401
0.913452
-0.029432
1.272823
-1.276939
-0.900955
-0.519491
0.351895
0.670791
0.475623
0.884533
0.047329
1.262224
-1.216293
-0.692450
-0.036171
0.790433
0.114450
1.218792
-1.045299
-0.164072
0.648723
0.361601
1.011560
-0.324074
1.156435
-0.969499
0.031030
0.707802
0.307931
1.079590
-0.539342
0.916632
-0.338102
1.114951
-0.841794
0.342422
0.583308
0.626379
0.625702
0.639810
0.614612
0.663097
0.568808
0.745970
0.391583
1.009119
-0.308175
1.169775
-1.008175
-0.072052
0.690279
0.311305
1.071409
-0.513693
0.951990
-0.422908
1.035206
-0.627183
0.759859
0.003505
1.227941
-1.109922
-0.356314
0.489280
0.557953
0.710947
0.459762
0.917351
-0.040218
1.272941
-1.280595
-0.914012
-0.553763
0.296482
0.710809
0.381595
1.009382
-0.311913
1.166609
-0.998940
-0.047051
0.697219
0.305325
1.078653
-0.537290
0.919442
-0.344711
1.109477
-0.826727
0.375974
0.554082
0.682982
0.513175
0.836207
0.175013
1.207981
-0.990400
-0.010854
0.702715
0.305412
1.080228
-0.542025
0.912761
-0.328993
1.122298
-0.862071
0.296257
0.618503
0.553313
0.756934
0.363866
1.041722
-0.410099
1.077063
-0.747121
0.541653
0.365120
0.975858
-0.223682
1.222710
-1.160134
-0.517461
0.277087
0.737273
0.322125
1.075911
-0.523982
0.938394
-0.390010
1.068567
-0.715573
0.603707
0.275081
1.075175
-0.535877
0.920523
-0.347071
1.107516
-0.821348
0.387797
0.543055
0.703467
0.470104
0.901643
0.002886
1.270481
-1.258906
-0.837638
-0.359965
0.567304
0.441443
0.897370
0.005050
1.269175
-1.253613
-0.819412
-0.316095
0.614294
0.376872
0.985443
-0.246474
1.210583
-1.125659
-0.410776
0.426070
0.622617
0.585109
0.707492
0.474770
0.896679
0.016786
1.268609
-1.248081
-0.800206
-0.270885
0.657208
0.314043
1.059090
-0.476129
1.000349
-0.543816
0.886074
-0.262324
1.169483
-0.993464
-0.030913
0.700623
0.303504
1.081226
-0.545618
0.907589
-0.316890
1.131690
-0.888078
0.235353
0.656030
0.468081
0.890069
0.031312
1.265648
-1.233218
-0.749461
-0.156335
0.740945
0.184501
1.174627
-0.876297
0.277334
0.629431
0.528543
0.797729
0.267642
1.139033
-0.736063
0.583206
0.303000
1.046429
-0.442120
1.040271
-0.647665
0.724823
0.070185
1.210551
-1.030551
-0.123684
0.669418
0.335526
1.043217
-0.422963
1.062508
-0.707381
0.618209
0.252731
1.096041
-0.606008
0.814669
-0.110962
1.227163
-1.141590
-0.456368
0.365942
0.675610
0.470753
0.892431
0.026220
1.266767
-1.238711
-0.768138
-0.197663
0.714859
0.225267
1.143414
-0.762775
0.528469
0.380177
0.956193
-0.165973
1.248292
-1.231318
-0.748114
-0.152939
0.742819
0.181625
1.176663
-0.883863
0.259300
0.640710
0.503077
0.837891
0.168036
1.211837
-1.005557
-0.052052
0.694540
0.309045
1.074650
-0.524107
0.937831
-0.388569
1.069968
-0.719336
0.596568
0.285949
1.064497
-0.500630
0.968466
-0.463286
0.990052
-0.511270
0.931059
-0.367001
1.090752
-0.775737
0.484750
0.438304
0.876471
0.056009
1.258549
-1.200723
-0.640864
0.064793
0.801863
0.119259
1.220647
-1.050193
-0.177873
0.640648
0.372037
0.998418
-0.283963
1.186636
-1.056537
-0.206787
0.623174
0.394280
0.969313
-0.197111
1.236400
-1.199292
-0.642703
0.061919
0.801822
0.118491
1.220890
-1.051256
-0.180927
0.638795
0.374440
0.995352
-0.274683
1.192975
-1.074869
-0.259588
0.583199
0.445954
0.896535
0.008502
1.268859
-1.251455
-0.811937
-0.298375
0.631780
0.351683
1.016381
-0.340737
1.142371
-0.929239
0.133833
0.696153
0.361670
1.025719
-0.364438
1.121775
-0.871062
0.274285
0.633356
0.520689
0.810443
0.236662
1.164721
-0.828206
0.389121
0.539557
0.709167
0.457783
0.919359
-0.045974
1.272849
-1.281993
-0.919054
-0.567123
0.274004
0.724754
0.346826
1.049023
-0.436581
1.047863
-0.668198
0.689274
0.134402
1.181493
-0.913975
0.184956
0.677915
0.412091
0.965628
-0.181786
1.243424
-1.219080
-0.707592
-0.066685
0.781497
0.124963
1.212587
-1.021026
-0.095715
0.680866
0.322275
1.058854
-0.472959
1.004490
-0.554488
0.870907
-0.228218
1.188355
-1.045529
-0.173877
0.644015
0.367180
1.004455
-0.302347
1.173357
-1.018178
-0.099353
0.680727
0.321449
1.059557
-0.475291
1.001604
-0.547083
0.881461
-0.251888
1.175612
-1.010454
-0.076741
0.688619
0.313103
1.069338
-0.506948
0.961007
-0.445033
1.011026
-0.564553
0.857099
-0.197833
1.202337
-1.083209
-0.281977
0.563722
0.470511
0.859183
0.107679
1.241522
-1.125625
-0.401386
0.436757
0.612524
0.605767
0.670023
0.553227
0.772523
0.330460
1.078872
-0.530413
0.929789
-0.369434
1.087863
-0.767653
0.501351
0.417810
0.906013
-0.023861
1.271007
-1.268800
-0.872494
-0.446384
0.459289
0.570760
0.681713
0.520602
0.825078
0.203126
1.189759
-0.920800
0.169907
0.683344
0.397229
0.984096
-0.236655
1.216821
-1.143911
-0.466899
0.351634
0.686825
0.445070
0.928725
-0.074020
1.270947
-1.283634
-0.925519
-0.584311
0.244357
0.741112
0.304361
1.092643
-0.580109
0.856656
-0.201437
1.200189
-1.077068
-0.264047
0.579270
0.451010
0.889007
0.028836
1.265538
-1.233570
-0.750712
-0.159067
0.739363
0.186959
1.172874
-0.869798
0.292694
0.619123
0.551170
0.760433
0.355788
1.050911
-0.439442
1.044920
-0.660434
0.702833
0.110305
1.193816
-0.962184
0.062029
0.705958
0.320880
1.067638
-0.499526
0.970955
-0.469713
0.982405
-0.492080
0.955722
-0.426390
1.032185
-0.619486
0.772388
-0.021062
1.231095
-1.128153
-0.412492
0.423345
0.625343
0.579528
0.717409
0.453312
0.927534
-0.068454
1.271700
-1.284645
-0.928929
-0.593465
0.228240
0.749030
0.283008
1.112578
-0.648059
0.745801
0.026875
1.222729
-1.085031
-0.281391
0.563637
0.470821
0.858750
0.108815
1.241048
-1.123635
-0.395265
0.444181
0.605205
0.620473
0.642581
0.608068
0.675129
0.544301
0.787769
0.294478
1.114926
-0.651941
0.739439
0.038939
1.219709
-1.071084
-0.240197
0.597902
0.427459
0.923561
-0.065913
1.270986
-1.281341
-0.917274
-0.562350
0.282085
0.719894
0.359079
1.035456
-0.393313
1.094064
-0.793759
0.446144
0.483210
0.806955
0.233317
1.165875
-0.832976
0.378374
0.549673
0.690515
0.497366
0.860832
0.111765
1.240762
-1.121756
-0.389444
0.451140
0.598229
0.634313
0.616174
0.658756
0.577309
0.731028
0.425031
0.966397
-0.179983
1.244568
-1.222523
-0.719018
-0.090539
0.772818
0.136691
1.205687
-0.994147
-0.021953
0.701081
0.305293
1.079839
-0.540885
0.914373
-0.332775
1.119277
-0.853727
0.315394
0.604619
0.582828
0.705821
0.477392
0.892683
0.027583
1.266740
-1.238206
-0.766395
-0.193767
0.717518
0.221106
1.146812
-0.774918
0.503346
0.412824
0.912411
-0.041644
1.271295
-1.275162
-0.895064
-0.504144
0.375656
0.651193
0.519024
0.818218
0.218434
1.178667
-0.879427
0.270850
0.633468
0.519461
0.812265
0.232155
1.168225
-0.841004
0.360264
0.565993
0.659592
0.560711
0.757723
0.364412
1.041402
-0.409003
1.078224
-0.750295
0.535348
0.373676
0.965117
-0.191929
1.237964
-1.203154
-0.655223
0.038009
0.801410
0.112241
1.222786
-1.059616
-0.205064
0.623244
0.394675
0.968897
-0.195864
1.236961
-1.200862
-0.647808
0.052223
0.801839
0.115542
1.221862
-1.055462
-0.193041
0.631191
0.384325
0.982569
-0.236320
1.216585
-1.143005
-0.464069
0.355594
0.683753
0.452152
0.918908
-0.046503
1.272645
-1.281426
-0.917079
-0.561875
0.282891
0.719399
0.360318
1.034059
-0.388894
1.098484
-0.806002
0.420051
0.511180
0.760188
0.344313
1.062084
-0.475938
1.001501
-0.546988
0.881576
-0.252143
1.175466
-1.010053
-0.075649
0.688972
0.312749
1.069755
-0.508301
0.959209
-0.440605
1.015977
-0.577275
0.838248
-0.156905
1.217007
-1.120621
-0.393006
0.447578
0.601641
0.627512
0.629212
0.633983
0.626055
0.641473
0.611734
0.668537
0.557802
0.764960
0.348111
1.059834
-0.468114
1.011167
-0.571876
0.845492
-0.172361
1.212056
-1.108419
-0.356413
0.489632
0.557441
0.711853
0.457804
0.920137
-0.047972
1.272819
-1.282488
-0.920840
-0.571872
0.265895
0.729458
0.334815
1.061896
-0.478227
0.998387
-0.538955
0.892854
-0.277750
1.159853
-0.966687
0.039677
0.707790
0.310550
1.077319
-0.531697
0.927413
-0.363642
1.093094
-0.781888
0.472039
0.453485
0.853704
0.115711
1.237367
-1.108794
-0.349983
0.495879
0.550751
0.724106
0.431164
0.956969
-0.152757
1.254422
-1.248832
-0.807089
-0.286599
0.642879
0.335409
1.035365
-0.400149
1.086442
-0.772545
0.490377
0.431579
0.886349
0.029614
1.264677
-1.230286
-0.739642
-0.134985
0.752598
0.166539
1.186950
-0.922429
0.164860
0.685221
0.392119
0.990306
-0.255352
1.205805
-1.112158
-0.369914
0.474782
0.573441
0.682067
0.520732
0.824994
0.203359
1.189602
-0.920205
