    1.000000
    1.003034
    1.014799
    1.035229
    1.064206
    1.101713
    1.147837
    1.202772
    1.266821
    1.340403
    1.424050
    1.518418
    1.624292
    1.742589
    1.874366
    2.020832
    2.183351
    2.363456
    2.562853
    2.783432
    3.027270
    3.296635
    3.593982
    3.921941
    4.283294
    4.680938
    5.117819
    5.596847
    6.120760
    6.691945
    7.312198
    7.982400
    8.702118
    9.469099
   10.278698
   11.123215
   11.991235
   12.867033
   13.730172
   14.555480
   15.313579
   15.972121
   16.497852
   16.859364
   17.030298
   16.992479
   16.738384
   16.272421
   15.610685
   14.779232
   13.811237
   12.743627
   11.613760
   10.456673
    9.303109
    8.178418
    7.102188
    6.088450
    5.146250
    4.280397
    3.492279
    2.780636
    2.142263
    1.572595
    1.066194
    0.617131
    0.219274
   -0.133493
   -0.447125
   -0.727306
   -0.979394
   -1.208386
   -1.418911
   -1.615237
   -1.801291
   -1.980689
   -2.156767
   -2.332618
   -2.511131
   -2.695024
   -2.886880
   -3.089180
   -3.304330
   -3.534685
   -3.782565
   -4.050272
   -4.340086
   -4.654261
   -4.995000
   -5.364423
   -5.764508
   -6.197009
   -6.663345
   -7.164463
   -7.700644
   -8.271291
   -8.874653
   -9.507524
  -10.164914
  -10.839716
  -11.522406
  -12.200829
  -12.860142
  -13.482978
  -14.049920
  -14.540323
  -14.933498
  -15.210186
  -15.354200
  -15.354002
  -15.203985
  -14.905231
  -14.465587
  -13.899036
  -13.224488
  -12.464152
  -11.641793
  -10.781069
   -9.904162
   -9.030773
   -8.177518
   -7.357682
   -6.581260
   -5.855199
   -5.183760
   -4.568944
   -4.010918
   -3.508436
   -3.059197
   -2.660164
   -2.307833
   -1.998438
   -1.728127
   -1.493082
   -1.289613
   -1.114226
   -0.963662
   -0.834923
   -0.725281
   -0.632278
   -0.553720
   -0.487666
   -0.432407
   -0.386451
   -0.348507
   -0.317459
   -0.292356
   -0.272390
   -0.256879
   -0.245255
   -0.237050
   -0.231886
   -0.229458
   -0.229536
   -0.231947
   -0.236575
   -0.243355
   -0.252267
   -0.263335
   -0.276624
   -0.292238
   -0.310323
   -0.331065
   -0.354691
   -0.381472
   -0.411727
   -0.445825
   -0.484192
   -0.527313
   -0.575743
   -0.630112
   -0.691134
   -0.759617
   -0.836475
   -0.922744
   -1.019589
   -1.128327
   -1.250443
   -1.387611
   -1.541712
   -1.714862
   -1.909435
   -2.128089
   -2.373794
   -2.649851
   -2.959919
   -3.308027
   -3.698572
   -4.136310
   -4.626302
   -5.173831
   -5.784255
   -6.462767
   -7.214053
   -8.041784
   -8.947927
   -9.931819
  -10.988985
  -12.109726
  -13.277529
  -14.467519
  -15.645247
  -16.766317
  -17.777439
  -18.619410
  -19.232290
  -19.562405
  -19.570002
  -19.235874
  -18.565109
  -17.586824
  -16.349899
  -14.915922
  -13.351220
  -11.719688
  -10.077579
   -8.470595
   -6.933009
   -5.488245
   -4.150330
   -2.925682
   -1.814917
   -0.814462
    0.082092
    0.882926
    1.597179
    2.234362
    2.803936
    3.315025
    3.776239
    4.195558
    4.580276
    4.936983
    5.271561
    5.589205
    5.894448
    6.191186
    6.482712
    6.771732
    7.060394
    7.350298
    7.642509
    7.937556
    8.235439
    8.535626
    8.837049
    9.138103
    9.436664
    9.730100
   10.015308
   10.288772
   10.546623
   10.784759
   10.998957
   11.185028
   11.338983
   11.457210
   11.536653
   11.574982
   11.570732
   11.523413
   11.433565
   11.302769
   11.133594
   10.929502
   10.694712
   10.434021
   10.152622
    9.855909
    9.549294
    9.238043
    8.927136
    8.621170
    8.324271
    8.040060
    7.771632
    7.521562
    7.291930
    7.084359
    6.900064
    6.739900
    6.604416
    6.493911
    6.408478
    6.348051
    6.312444
    6.301381
    6.314526
    6.351498
    6.411885
    6.495252
    6.601135
    6.729040
    6.878424
    7.048677
    7.239096
    7.448853
    7.676961
    7.922226
    8.183206
    8.458161
    8.745010
    9.041283
    9.344080
    9.650052
    9.955379
   10.255791
   10.546598
   10.822761
   11.078997
   11.309916
   11.510202
   11.674809
   11.799185
   11.879490
   11.912814
   11.897347
   11.832513
   11.719028
   11.558908
   11.355374
   11.112731
   10.836159
   10.531490
   10.204961
    9.862965
    9.511827
    9.157607
    8.805946
    8.461946
    8.130103
    7.814263
    7.517632
    7.242790
    6.991740
    6.765966
    6.566499
    6.393982
    6.248743
    6.130855
    6.040198
    5.976511
    5.939437
    5.928556
    5.943421
    5.983572
    6.048555
    6.137926
    6.251247
    6.388081
    6.547974
    6.730436
    6.934906
    7.160717
    7.407057
    7.672913
    7.957014
    8.257777
    8.573241
    8.901002
    9.238156
    9.581253
    9.926256
   10.268538
   10.602894
   10.923606
   11.224544
   11.499313
   11.741462
   11.944725
   12.103298
   12.212137
   12.267240
   12.265900
   12.206904
   12.090647
   11.919147
   11.695977
   11.426091
   11.115579
   10.771375
   10.400932
   10.011904
    9.611851
    9.207982
    8.806959
    8.414757
    8.036568
    7.676777
    7.338963
    7.025935
    6.739806
    6.482062
    6.253658
    6.055101
    5.886541
    5.747853
    5.638708
    5.558638
    5.507092
    5.483482
    5.487218
    5.517734
    5.574506
    5.657064
    5.764991
    5.897917
    6.055509
    6.237448
    6.443399
    6.672977
    6.925700
    7.200936
    7.497842
    7.815290
    8.151798
    8.505436
    8.873750
    9.253674
    9.641463
   10.032628
   10.421908
   10.803280
   11.170012
   11.514783
   11.829866
   12.107385
   12.339629
   12.519426
   12.640533
   12.698023
   12.688625
   12.610986
   12.465812
   12.255882
   11.985924
   11.662360
   11.292963
   10.886439
   10.452001
    9.998947
    9.536292
    9.072462
    8.615070
    8.170773
    7.745194
    7.342922
    6.967545
    6.621733
    6.307340
    6.025512
    5.776815
    5.561344
    5.378829
    5.228745
    5.110383
    5.022940
    4.965567
    4.937428
    4.937736
    4.965779
    5.020943
    5.102721
    5.210713
    5.344629
    5.504267
    5.689500
    5.900245
    6.136426
    6.397934
    6.684568
    6.995967
    7.331538
    7.690364
    8.071103
    8.471885
    8.890186
    9.322723
    9.765337
   10.212905
   10.659281
   11.097286
   11.518768
   11.914740
   12.275617
   12.591560
   12.852913
   13.050707
   13.177211
   13.226469
   13.194756
   13.080916
   12.886525
   12.615849
   12.275609
   11.874583
   11.423072
   10.932312
   10.413885
    9.879174
    9.338910
    8.802829
    8.279442
    7.775920
    7.298067
    6.850368
    6.436095
    6.057439
    5.715672
    5.411301
    5.144227
    4.913892
    4.719407
    4.559663
    4.433436
    4.339460
    4.276497
    4.243383
    4.239073
    4.262664
    4.313416
    4.390759
    4.494302
    4.623821
    4.779257
    4.960693
    5.168335
    5.402480
    5.663474
    5.951668
    6.267353
    6.610687
    6.981609
    7.379728
    7.804205
    8.253610
    8.725762
    9.217574
    9.724874
   10.242254
   10.762947
   11.278744
   11.780012
   12.255811
   12.694150
   13.082400
   13.407867
   13.658495
   13.823647
   13.894908
   13.866796
   13.737288
   13.508089
   13.184605
   12.775602
   12.292604
   11.749116
   11.159756
   10.539411
    9.902486
    9.262300
    8.630649
    8.017570
    7.431227
    6.877953
    6.362357
    5.887519
    5.455195
    5.066052
    4.719881
    4.415810
    4.152485
    3.928235
    3.741201
    3.589454
    3.471084
    3.384264
    3.327313
    3.298728
    3.297216
    3.321708
    3.371377
    3.445634
    3.544132
    3.666762
    3.813639
    3.985096
    4.181665
    4.404054
    4.653124
    4.929852
    5.235288
    5.570501
    5.936508
    6.334185
    6.764156
    7.226658
    7.721373
    8.247234
    8.802201
    9.383009
    9.984902
   10.601377
   11.223955
   11.842035
   12.442855
   13.011648
   13.532021
   13.986591
   14.357903
   14.629562
   14.787511
   14.821264
   14.724980
   14.498145
   14.145785
   13.678137
   13.109844
   12.458784
   11.744722
   10.987957
   10.208117
    9.423223
    8.649023
    7.898638
    7.182456
    6.508220
    5.881256
    5.304770
    4.780203
    4.307562
    3.885749
    3.512853
    3.186401
    2.903567
    2.661349
    2.456704
    2.286649
    2.148347
    2.039161
    1.956690
    1.898797
    1.863623
    1.849590
    1.855406
    1.880055
    1.922795
    1.983149
    2.060895
    2.156063
    2.268924
    2.399985
    2.549985
    2.719887
    2.910877
    3.124356
    3.361934
    3.625420
    3.916803
    4.238235
    4.591988
    4.980412
    5.405858
    5.870582
    6.376610
    6.925561
    7.518414
    8.155220
    8.834734
    9.553996
   10.307843
   11.088389
   11.884528
   12.681528
   13.460810
   14.200068
   14.873839
   15.454629
   15.914639
   16.227997
   16.373255
   16.335783
   16.109646
   15.698550
   15.115682
   14.382424
   13.526203
   12.577890
   11.569184
   10.530348
    9.488503
    8.466573
    7.482827
    6.550890
    5.680092
    4.876009
    4.141099
    3.475331
    2.876778
    2.342139
    1.867176
    1.447074
    1.076718
    0.750910
    0.464524
    0.212620
   -0.009482
   -0.206164
   -0.381481
   -0.539164
   -0.682628
   -0.814988
   -0.939088
   -1.057525
   -1.172688
   -1.286781
   -1.401865
   -1.519884
   -1.642698
   -1.772115
   -1.909918
   -2.057892
   -2.217851
   -2.391663
   -2.581268
   -2.788701
   -3.016108
   -3.265754
   -3.540035
   -3.841477
   -4.172721
   -4.536503
   -4.935611
   -5.372818
   -5.850790
   -6.371943
   -6.938264
   -7.551061
   -8.210650
   -8.915956
   -9.664042
  -10.449570
  -11.264204
  -12.096050
  -12.929176
  -13.743361
  -14.514223
  -15.213863
  -15.812175
  -16.278839
  -16.585888
  -16.710552
  -16.637943
  -16.363064
  -15.891705
  -15.240017
  -14.432834
  -13.501086
  -12.478802
  -11.400208
  -10.297325
   -9.198261
   -8.126239
   -7.099277
   -6.130362
   -5.227939
   -4.396578
   -3.637695
   -2.950246
   -2.331358
   -1.776872
   -1.281785
   -0.840602
   -0.447614
   -0.097094
    0.216555
    0.498700
    0.754424
    0.988487
    1.205321
    1.409034
    1.603429
    1.792028
    1.978108
    2.164727
    2.354765
    2.550957
    2.755927
    2.972212
    3.202298
    3.448636
    3.713659
    3.999791
    4.309446
    4.645017
    5.008845
    5.403179
    5.830102
    6.291439
    6.788624
    7.322536
    7.893278
    8.499921
    9.140192
    9.810127
   10.503697
   11.212445
   11.925172
   12.627752
   13.303144
   13.931692
   14.491813
   14.961065
   15.317635
   15.542078
   15.619159
   15.539481
   15.300653
   14.907751
   14.372993
   13.714642
   12.955372
   12.120340
   11.235276
   10.324814
    9.411219
    8.513563
    7.647336
    6.824388
    6.053148
    5.338994
    4.684709
    4.090964
    3.556778
    3.079934
    2.657343
    2.285350
    1.959973
    1.677103
    1.432647
    1.222638
    1.043312
    0.891156
    0.762940
    0.655732
    0.566896
    0.494090
    0.435252
    0.388584
    0.352531
    0.325767
    0.307170
    0.295805
    0.290906
    0.291861
    0.298195
    0.309560
    0.325722
    0.346550
    0.372013
    0.402173
    0.437180
    0.477269
    0.522763
    0.574071
    0.631693
    0.696222
    0.768354
    0.848890
    0.938747
    1.038974
    1.150755
    1.275433
    1.414518
    1.569710
    1.742913
    1.936259
    2.152129
    2.393168
    2.662309
    2.962785
    3.298139
    3.672223
    4.089178
    4.553392
    5.069423
    5.641873
    6.275192
    6.973390
    7.739634
    8.575688
    9.481185
   10.452691
   11.482591
   12.557833
   13.658656
   14.757537
   15.818674
   16.798458
   17.647326
   18.313303
   18.747129
   18.908335
   18.771156
   18.328871
   17.595379
   16.603500
   15.400504
   14.041954
   12.585338
   11.084680
    9.586804
    8.129375
    6.740441
    5.439053
    4.236475
    3.137663
    2.142712
    1.248178
    0.448180
   -0.264716
   -0.898815
   -1.462788
   -1.965307
   -2.414796
   -2.819269
   -3.186222
   -3.522588
   -3.834710
   -4.128350
   -4.408707
   -4.680437
   -4.947690
   -5.214141
   -5.483010
   -5.757092
   -6.038768
   -6.330013
   -6.632391
   -6.947047
   -7.274676
   -7.615491
   -7.969182
   -8.334860
   -8.711000
   -9.095387
   -9.485058
   -9.876265
  -10.264452
  -10.644277
  -11.009661
  -11.353903
  -11.669849
  -11.950127
  -12.187437
  -12.374904
  -12.506437
  -12.577106
  -12.583472
  -12.523853
  -12.398484
  -12.209564
  -11.961172
  -11.659055
  -11.310332
  -10.923117
  -10.506116
  -10.068232
   -9.618198
   -9.164277
   -8.714021
   -8.274110
   -7.850268
   -7.447232
   -7.068776
   -6.717772
   -6.396279
   -6.105651
   -5.846640
   -5.619514
   -5.424157
   -5.260167
   -5.126946
   -5.023771
   -4.949861
   -4.904422
   -4.886700
   -4.896001
   -4.931722
   -4.993361
   -5.080528
   -5.192938
   -5.330411
   -5.492859
   -5.680257
   -5.892622
   -6.129975
   -6.392297
   -6.679471
   -6.991220
   -7.327030
   -7.686056
   -8.067030
   -8.468143
   -8.886939
   -9.320186
   -9.763769
  -10.212603
  -10.660561
  -11.100470
  -11.524156
  -11.922590
  -12.286120
  -12.604811
  -12.868882
  -13.069224
  -13.197952
  -13.248949
  -13.218338
  -13.104832
  -12.909897
  -12.637727
  -12.295012
  -11.890530
  -11.434614
  -10.938563
  -10.414032
   -9.872488
   -9.324744
   -8.780609
   -8.248661
   -7.736119
   -7.248817
   -6.791260
   -6.366720
   -5.977381
   -5.624490
   -5.308524
   -5.029345
   -4.786346
   -4.578588
   -4.404910
   -4.264027
   -4.154615
   -4.075375
   -4.025084
   -4.002639
   -4.007079
   -4.037612
   -4.093626
   -4.174694
   -4.280574
   -4.411205
   -4.566695
   -4.747306
   -4.953436
   -5.185585
   -5.444321
   -5.730238
   -6.043898
   -6.385758
   -6.756091
   -7.154875
   -7.581680
   -8.035517
   -8.514682
   -9.016573
   -9.537503
  -10.072518
  -10.615232
  -11.157694
  -11.690356
  -12.202124
  -12.680560
  -13.112253
  -13.483376
  -13.780400
  -13.990959
  -14.104741
  -14.114347
  -14.015990
  -13.809917
  -13.500513
  -13.096033
  -12.608023
  -12.050496
  -11.438981
  -10.789551
  -10.117944
   -9.438844
   -8.765351
   -8.108664
   -7.477927
   -6.880251
   -6.320828
   -5.803128
   -5.329134
   -4.899594
   -4.514270
   -4.172163
   -3.871725
   -3.611038
   -3.387959
   -3.200251
   -3.045673
   -2.922067
   -2.827410
   -2.759857
   -2.717776
   -2.699762
   -2.704654
   -2.731540
   -2.779756
   -2.848887
   -2.938765
   -3.049458
   -3.181270
   -3.334728
   -3.510573
   -3.709753
   -3.933401
   -4.182822
   -4.459468
   -4.764902
   -5.100755
   -5.468669
   -5.870218
   -6.306807
   -6.779540
   -7.289055
   -7.835323
   -8.417395
   -9.033113
   -9.678780
  -10.348813
  -11.035389
  -11.728143
  -12.413967
  -13.076983
  -13.698779
  -14.258963
  -14.736109
  -15.109066
  -15.358556
  -15.468887
  -15.429559
  -15.236477
  -14.892577
  -14.407710
  -13.797805
  -13.083454
  -12.288167
  -11.436538
  -10.552593
   -9.658465
   -8.773480
   -7.913650
   -7.091523
   -6.316304
   -5.594155
   -4.928607
   -4.321003
   -3.770948
   -3.276715
   -2.835617
   -2.444307
   -2.099038
   -1.795863
   -1.530792
   -1.299908
   -1.099451
   -0.925878
   -0.775893
   -0.646470
   -0.534857
   -0.438570
   -0.355386
   -0.283325
   -0.220632
   -0.165757
   -0.117334
   -0.074160
   -0.035176
    0.000553
    0.033857
    0.065476
    0.096077
    0.126269
    0.156614
    0.187641
    0.219859
    0.253764
    0.289853
    0.328630
    0.370621
    0.416377
    0.466488
    0.521594
    0.582390
    0.649642
    0.724195
    0.806990
    0.899072
    1.001610
    1.115909
    1.243431
    1.385812
    1.544884
    1.722696
    1.921536
    2.143958
    2.392800
    2.671210
    2.982658
    3.330952
    3.720231
    4.154943
    4.639802
    5.179697
    5.779542
    6.444059
    7.177438
    7.982876
    8.861933
    9.813680
   10.833642
   11.912519
   13.034784
   14.177307
   15.308299
   16.386995
   17.364552
   18.186636
   18.797930
   19.148224
   19.199240
   18.930685
   18.344006
   17.462700
   16.329069
   14.998315
   13.531459
   11.988704
   10.424311
    8.883469
    7.401040
    6.001737
    4.701219
    3.507624
    2.423195
    1.445805
    0.570254
   -0.210665
   -0.905345
   -1.522754
   -2.071982
   -2.561939
   -3.001141
   -3.397583
   -3.758667
   -4.091167
   -4.401226
   -4.694367
   -4.975518
   -5.249043
   -5.518772
   -5.788027
   -6.059653
   -6.336028
   -6.619082
   -6.910296
   -7.210696
   -7.520842
   -7.840799
   -8.170115
   -8.507785
   -8.852211
   -9.201180
   -9.551827
   -9.900638
  -10.243445
  -10.575482
  -10.891448
  -11.185629
  -11.452063
  -11.684740
  -11.877856
  -12.026077
  -12.124821
  -12.170530
  -12.160906
  -12.095077
  -11.973702
  -11.798978
  -11.574547
  -11.305337
  -10.997323
  -10.657242
  -10.292290
   -9.909822
   -9.517078
   -9.120948
   -8.727790
   -8.343293
   -7.972406
   -7.619304
   -7.287395
   -6.979362
   -6.697220
   -6.442395
   -6.215806
   -6.017949
   -5.848981
   -5.708797
   -5.597096
   -5.513453
   -5.457358
   -5.428271
   -5.425651
   -5.448983
   -5.497797
   -5.571681
   -5.670274
   -5.793278
   -5.940435
   -6.111510
   -6.306273
   -6.524461
   -6.765736
   -7.029638
   -7.315532
   -7.622534
   -7.949443
   -8.294657
   -8.656093
   -9.031094
   -9.416352
   -9.807841
  -10.200761
  -10.589524
  -10.967778
  -11.328486
  -11.664070
  -11.966626
  -12.228208
  -12.441174
  -12.598575
  -12.694553
  -12.724727
  -12.686504
  -12.579307
  -12.404667
  -12.166179
  -11.869326
  -11.521173
  -11.129990
  -10.704817
  -10.255024
   -9.789908
   -9.318341
   -8.848492
   -8.387635
   -7.942034
   -7.516898
   -7.116397
   -6.743720
   -6.401168
   -6.090260
   -5.811857
   -5.566279
   -5.353417
   -5.172844
   -5.023908
   -4.905815
   -4.817696
   -4.758669
   -4.727885
   -4.724561
   -4.748010
   -4.797657
   -4.873050
   -4.973862
   -5.099889
   -5.251039
   -5.427312
   -5.628783
   -5.855563
   -6.107763
   -6.385444
   -6.688555
   -7.016863
   -7.369868
   -7.746706
   -8.146036
   -8.565927
   -9.003717
   -9.455899
   -9.917990
  -10.384439
  -10.848559
  -11.302530
  -11.737468
  -12.143595
  -12.510525
  -12.827660
  -13.084691
  -13.272182
  -13.382178
  -13.408792
  -13.348687
  -13.201404
  -12.969477
  -12.658329
  -12.275942
  -11.832355
  -11.339047
  -10.808276
  -10.252431
   -9.683465
   -9.112445
   -8.549223
   -8.002240
   -7.478447
   -6.983318
   -6.520935
   -6.094127
   -5.704631
   -5.353269
   -5.040121
   -4.764694
   -4.526069
   -4.323038
   -4.154213
   -4.018128
   -3.913310
   -3.838347
   -3.791932
   -3.772904
   -3.780269
   -3.813221
   -3.871153
   -3.953657
   -4.060529
   -4.191758
   -4.347519
   -4.528158
   -4.734169
   -4.966174
   -5.224882
   -5.511050
   -5.825433
   -6.168710
   -6.541409
   -6.943797
   -7.375768
   -7.836686
   -8.325228
   -8.839183
   -9.375256
   -9.928850
  -10.493872
  -11.062560
  -11.625391
  -12.171086
  -12.686761
  -13.158258
  -13.570690
  -13.909173
  -14.159747
  -14.310380
  -14.351962
  -14.279151
  -14.090959
  -13.790966
  -13.387129
  -12.891205
  -12.317879
  -11.683712
  -11.006047
  -10.302005
   -9.587636
   -8.877316
   -8.183342
   -7.515770
   -6.882408
   -6.288940
   -5.739153
   -5.235185
   -4.777813
   -4.366726
   -4.000780
   -3.678224
   -3.396902
   -3.154410
   -2.948238
   -2.775872
   -2.634880
   -2.522969
   -2.438035
   -2.378194
   -2.341799
   -2.327455
   -2.334020
   -2.360611
   -2.406600
   -2.471609
   -2.555504
   -2.658391
   -2.780611
   -2.922729
   -3.085534
   -3.270025
   -3.477409
   -3.709083
   -3.966624
   -4.251769
   -4.566378
   -4.912403
   -5.291826
   -5.706581
   -6.158455
   -6.648953
   -7.179118
   -7.749314
   -8.358952
   -9.006160
   -9.687409
  -10.397102
  -11.127148
  -11.866576
  -12.601264
  -13.313855
  -13.983959
  -14.588774
  -15.104137
  -15.506060
  -15.772615
  -15.885984
  -15.834376
  -15.613470
  -15.227117
  -14.687128
  -14.012204
  -13.226172
  -12.355865
  -11.428965
  -10.472107
   -9.509424
   -8.561592
   -7.645373
   -6.773547
   -5.955148
   -5.195876
   -4.498606
   -3.863921
   -3.290616
   -2.776159
   -2.317083
   -1.909313
   -1.548428
   -1.229867
   -0.949082
   -0.701648
   -0.483342
   -0.290188
   -0.118490
    0.035167
    0.173913
    0.300608
    0.417863
    0.528061
    0.633383
    0.735838
    0.837291
    0.939490
    1.044095
    1.152705
    1.266887
    1.388198
    1.518212
    1.658544
    1.810873
    1.976964
    2.158691
    2.358052
    2.577195
    2.818426
    3.084226
    3.377255
    3.700349
    4.056512
    4.448885
    4.880697
    5.355186
    5.875485
    6.444455
    7.064451
    7.737020
    8.462493
    9.239488
   10.064294
